Before October 2021
psf_centers = [[65.0, 68.0],[77.0, 106.0],[89.0, 106.0],[42.0, 108.0],[42.0, 115.0], [124.0, 82.0],[101.0, 122.0],
               [66.0, 92.0],[55.0, 107.0],[137.0, 74.0],[34.0, 100.0],[32.0, 94.0],[38.0, 62.0],[54.0, 61.0],
               [123.0, 112.0],[123.0, 67.0],[114.0, 91.0],[33.0, 77.0],[90.0, 74.0],[124.0, 104.0],[136.0, 105.0],
               [80.0, 82.0],[79.0, 113.0],[114.0, 82.0],[122.0, 61.0],[123.0, 76.0],[33.0, 84.0],[113.0, 75.0],
               [80.0, 66.0],[32.0, 108.0],[89.0, 114.0],[123.0, 129.0],[53.0, 131.0],[76.0, 132.0],[32.0, 131.0],
               [49.0, 61.0],[88.0, 122.0],[137.0, 65.0],[101.0, 107.0],[114.0, 60.0],[66.0, 75.0],[122.0, 121.0],
               [80.0, 99.0],[114.0, 106.0],[65.0, 100.0],[42.0, 123.0],[135.0, 129.0],[53.0, 91.0],[64.0, 106.0],
               [136.0, 114.0],[112.0, 121.0],[134.0, 120.0]]

dither_pos = [[0.327, -0.25],[-0.283, -0.083],[-0.283, 0.083],[-0.283, -0.583],[-0.406, -0.584],[0.083, 0.583],
              [-0.528, 0.25],[-0.039, -0.25], [-0.283, -0.417],[0.206, 0.75],[-0.161, -0.75],[-0.039, -0.75],
              [0.45, -0.75], [0.45, -0.417], [-0.406, 0.583],[0.328, 0.583],[-0.039, 0.416], [0.205, -0.75],
              [0.205, 0.083], [-0.283, 0.583], [-0.283, 0.75], [0.083, -0.084],[-0.406, -0.084], [0.083, 0.417],
              [0.45, 0.583], [0.206, 0.583],[0.083, -0.75], [0.205, 0.417], [0.328, -0.084], [-0.284, -0.75],
              [-0.405, 0.083], [-0.65, 0.583], [-0.65, -0.417], [-0.65, -0.083], [-0.65, -0.75], [0.45, -0.583],
              [-0.528, 0.083], [0.328, 0.75], [-0.283, 0.25], [0.45, 0.417], [0.205, -0.25], [-0.528, 0.583],
              [-0.161, -0.084], [-0.283, 0.417], [-0.161, -0.25], [-0.528, -0.583], [-0.65, 0.75], [-0.039, -0.417],
              [-0.283, -0.25], [-0.406, 0.75], [-0.528, 0.416],[-0.528, 0.75]]

After October 2021
psf_centers = [[66.33982683982683, 15.458874458874448], [67.52489177489178, 20.199134199134193],
               [67.52489177489178, 27.309523809523796], [66.73484848484847, 31.259740259740255],
               [65.54978354978354, 37.58008658008657], [65.1547619047619, 43.1103896103896],
               [65.1547619047619, 49.43073593073592], [64.36471861471861, 54.96103896103895],
               [64.75974025974025, 61.676406926406926], [64.36471861471861, 67.99675324675324],
               [73.84523809523807, 15.063852813852805], [74.63528138528139, 20.199134199134193],
               [74.63528138528139, 24.14935064935065], [74.24025974025975, 32.04978354978354],
               [74.24025974025975, 37.58008658008657], [73.45021645021643, 42.71536796536796],
               [72.2651515151515, 49.03571428571428], [73.45021645021643, 55.75108225108225],
               [71.87012987012986, 61.28138528138528], [70.68506493506493, 67.20670995670996],
               [80.9556277056277, 20.199134199134193], [81.35064935064935, 25.729437229437224],
               [81.35064935064935, 32.04978354978354], [81.35064935064935, 37.18506493506493],
               [81.35064935064935, 43.90043290043289], [80.16558441558442, 48.640692640692635],
               [79.77056277056278, 54.96103896103895], [79.37554112554113, 61.676406926406926],
               [78.19047619047618, 67.6017316017316], [90.83116883116884, 19.80411255411255],
               [87.67099567099567, 25.729437229437224], [89.25108225108224, 30.074675324675326],
               [87.67099567099567, 37.58008658008657], [87.67099567099567, 43.1103896103896],
               [87.67099567099567, 49.43073593073592], [87.67099567099567, 54.96103896103895],
               [86.48593073593074, 60.49134199134198], [86.0909090909091, 67.20670995670996],
               [97.94155844155844, 14.273809523809518], [96.75649350649351, 19.80411255411255],
               [96.36147186147187, 25.33441558441558], [96.36147186147187, 31.259740259740255],
               [96.36147186147187, 37.975108225108215], [95.96645021645023, 41.925324675324674],
               [94.78138528138527, 48.640692640692635], [94.78138528138527, 54.170995670995666],
               [95.17640692640691, 61.28138528138528], [93.99134199134198, 67.6017316017316],
               [103.86688311688312, 14.668831168831161], [103.07683982683983, 20.199134199134193],
               [104.6569264069264, 25.33441558441558], [104.26190476190476, 30.46969696969697],
               [103.07683982683983, 36.790043290043286], [101.10173160173159, 41.925324675324674],
               [102.68181818181819, 48.24567099567099], [102.28679653679654, 54.96103896103895],
               [101.49675324675326, 60.886363636363626], [101.10173160173159, 66.02164502164501],
               [111.767316017316, 19.80411255411255], [110.97727272727272, 24.14935064935065],
               [111.37229437229436, 31.259740259740255], [109.79220779220779, 36.39502164502164],
               [109.39718614718615, 41.53030303030303], [109.79220779220779, 49.82575757575758],
               [109.79220779220779, 54.56601731601731], [109.39718614718615, 58.91125541125541],
               [108.60714285714286, 65.62662337662337], [118.87770562770564, 13.483766233766232],
               [118.482683982684, 15.458874458874448], [118.08766233766235, 29.679653679653683],
               [118.08766233766235, 36.790043290043286], [116.50757575757575, 47.455627705627705],
               [115.71753246753246, 53.77597402597402], [115.71753246753246, 59.7012987012987],
               [115.32251082251082, 65.23160173160173], [127.17316017316017, 13.878787878787875],
               [126.38311688311688, 19.014069264069263], [126.77813852813853, 24.14935064935065],
               [125.5930735930736, 31.259740259740255], [124.40800865800867, 36.39502164502164],
               [125.5930735930736, 43.90043290043289], [124.40800865800867, 48.640692640692635],
               [123.61796536796538, 54.96103896103895], [123.61796536796538, 59.306277056277054],
               [133.09848484848484, 13.878787878787875], [133.09848484848484, 19.409090909090907],
               [133.09848484848484, 24.939393939393938], [132.30844155844156, 30.864718614718612],
               [131.91341991341992, 36.0], [132.30844155844156, 43.505411255411246],
               [131.91341991341992, 48.640692640692635], [131.12337662337663, 54.170995670995666],
               [130.728354978355, 60.09632034632034], [130.33333333333334, 65.23160173160173]]

dither_pos = [[0.76, -0.76], [0.76, -0.676], [0.76, -0.591], [0.76, -0.507], [0.76, -0.422], [0.76, -0.338],
               [0.76, -0.253], [0.76, -0.169], [0.76, -0.084], [0.76, 0.0], [0.65, -0.76], [0.65, -0.676],
               [0.65, -0.591], [0.65, -0.507], [0.65, -0.422], [0.65, -0.338], [0.65, -0.253], [0.65, -0.169],
               [0.65, -0.084], [0.65, 0.0], [0.54, -0.676], [0.54, -0.591], [0.54, -0.507], [0.54, -0.422],
               [0.54, -0.338], [0.54, -0.253], [0.54, -0.169], [0.54, -0.084], [0.54, 0.0], [0.43, -0.676],
               [0.43, -0.591], [0.43, -0.507], [0.43, -0.422], [0.43, -0.338], [0.43, -0.253], [0.43, -0.169],
               [0.429, -0.084], [0.43, 0.0], [0.32, -0.76], [0.32, -0.676], [0.32, -0.591], [0.32, -0.507],
               [0.32, -0.422], [0.32, -0.338], [0.32, -0.253], [0.32, -0.169], [0.32, -0.084], [0.32, 0.0],
               [0.21, -0.76], [0.21, -0.676], [0.21, -0.591], [0.21, -0.506], [0.21, -0.422], [0.21, -0.338],
               [0.21, -0.253], [0.209, -0.169], [0.21, -0.084], [0.21, 0.0], [0.1, -0.676], [0.1, -0.591],
               [0.099, -0.507], [0.1, -0.422], [0.1, -0.337], [0.1, -0.253], [0.1, -0.169], [0.099, -0.084], [0.1, 0.0],
               [-0.01, -0.76], [-0.01, -0.676], [-0.01, -0.507], [-0.01, -0.338], [-0.01, -0.253], [-0.01, -0.169],
               [-0.01, -0.085], [-0.01, 0.0], [-0.12, -0.76], [-0.12, -0.676], [-0.12, -0.591], [-0.12, -0.507],
               [-0.12, -0.422], [-0.12, -0.338], [-0.12, -0.253], [-0.12, -0.169], [-0.12, -0.085], [-0.23, -0.76],
               [-0.23, -0.676], [-0.23, -0.591], [-0.23, -0.507], [-0.23, -0.422], [-0.23, -0.338], [-0.23, -0.253],
               [-0.23, -0.169], [-0.23, -0.084], [-0.23, 0.0]]